10,18
10,172
10,22
10,124
10,194
10,308
10,274
10,2
10,3
9,6
9,4
8,8
8,2
8,3
18,1
18,3
14,1
14,3
13,1
13,3
2,2
2,1
2,3
89,4
89,3
89,2
89,1
89,0
76,3
76,2
76,1
76,0
67,5
67,4
67,3
67,1
27,3
27,1
24,3
24,1
20,3
20,2
20,1
19,3
19,2
19,1
12,3
12,2
12,1
11,30
11,29
11,28
11,27
11,26
11,25
11,24
11,23
11,22
11,20
11,19
11,18
11,17
11,16
11,15
11,14
11,13
11,12
11,11
11,10
11,9
11,8
11,7
11,6
11,5
11,4
11,3
11,2
11,1
10,302
10,301
10,292
10,291
10,285
10,277
10,272
10,263
10,262
10,259
10,249
10,246
10,239
10,237
10,236
10,235
10,234
10,231
10,228
10,219
10,211
10,193
10,192
10,189
10,183
10,182
10,181
10,175
